 "Eyes" : 1 
 "Height" : 5.000000e-01 
 "Arm_Length" : 9.000000e-01 
 "Leg_Length" : 2.000000e-01