 "Eyes" : 1 
 "Height" : 2.000000e-01 
 "Arm_Length" : 8.000000e-01 
 "Leg_Length" : 1.000000e-01