 "Eyes" : 1 
 "Height" : 1.000000e-01 
 "Arm_Length" : 9.000000e-01 
 "Leg_Length" : 1